OPERATOR_ID=0.0.3561041
OPERATOR_KEY=302e020100300506032b6570042204204479ea1e4df808b1274c7bcf825437250cf8d0488c216e5e576a2d1f19b72ced

ACCOUNT1_KEY=302e020100300506032b65700422042042abff3128f9c35a509034e52092638588592235fafdc058e8e722f42cb9ae01
ACCOUNT1_PUBLIC_KEY=302a300506032b6570032100a7fbe6708256e84f11e4834c80170b1084ef9e021777411c40e53006f55ab428
ACCOUNT1_ID=0.0.3822630

ACCOUNT2_KEY=302e020100300506032b657004220420926b02c3eca176dc83437ae2d9f259d2221896617cc0a6ff4ec60434a975398e
ACCOUNT2_PUBLIC_KEY=302a300506032b6570032100719f535daa25f4215a6c59873927972251d4c1b00d43639c33c4f7c857ea6bf6
ACCOUNT2_ID=0.0.3822631

ACCOUNT3_KEY=302e020100300506032b657004220420c8ddb2a2196e2a9677143d7b13123f3528ac45d83d508c21a851b30e77f44913
ACCOUNT3_PUBLIC_KEY=302a300506032b6570032100691089cfc4588ed5683c156d09315fdfb015f9293cd8b1463aadbc8d00390f0d
ACCOUNT3_ID=0.0.3822633

ACCOUNT4_KEY=302e020100300506032b65700422042007cef270919ec212aabd1b4265b2987eba63d073da22ce754fbf195afda2821a
ACCOUNT4_PUBLIC_KEY=302a300506032b6570032100db5b375ac7948f525768c9face76dd3fd7224814a7c6eb97600466e8707e78a6
ACCOUNT4_ID=0.0.3822634

ACCOUNT5_KEY=302e020100300506032b657004220420d8d85643ce33c1b8d8b91cef8c5f761b2e70b875b966ab0c9000bef8dfebc999
ACCOUNT5_PUBLIC_KEY=302a300506032b6570032100242c90df724e837414a5065b0cef081d8b8d1054d332d4058ee56fd18a0badee
ACCOUNT5_ID=0.0.3822635