Generating 5 accounts...
ACCOUNT1_KEY=302e020100300506032b657004220420cf33656f437b62177381115789b3d477cfbba0a3c77f362f2037e1e42fda424f
ACCOUNT1_PUBLIC_KEY=302a300506032b6570032100fd0aa6980d554d4fbdc866c5db34f0cc1cf93bb2314358a2d24397baf381470a
ACCOUNT1_ID=0.0.3829901

ACCOUNT2_KEY=302e020100300506032b657004220420445a47f09ef544ab6d7e2b0a964ba3a57dd0c3c68479b1b74127fbbb1c0a57ab
ACCOUNT2_PUBLIC_KEY=302a300506032b65700321003c1caca12c05541cc1e182262cf86849a8c17e12061643dd4374b0d4c2253c89
ACCOUNT2_ID=0.0.3829902

ACCOUNT3_KEY=302e020100300506032b657004220420ec4a9bfcb23fd333f6a18d009c7fe890ff439f21bb9f22fd8a8cf235cca6a68b
ACCOUNT3_PUBLIC_KEY=302a300506032b6570032100706b7e91fcaba0207856517a3a961eae64427f9bdcb2e50bf3b44860433ba95a
ACCOUNT3_ID=0.0.3829903

ACCOUNT4_KEY=302e020100300506032b657004220420374794e17e7103e3617454679a52553b4017f7e032f574c9792b6d68401da31c
ACCOUNT4_PUBLIC_KEY=302a300506032b65700321008a174a06c452caea8124cd93a3d34485c51b5bbffe7fbccc1ed47a5038c78f88
ACCOUNT4_ID=0.0.3829905

ACCOUNT5_KEY=302e020100300506032b657004220420a3cdd198e1590fd6fbd21cf0e0ab7b5f4473e2ea51b92c4977dc3c515306a9e7
ACCOUNT5_PUBLIC_KEY=302a300506032b6570032100db104b32fe66ba11695033467b1ac96c24f649dea3d2965cb86cebd12414c807
ACCOUNT5_ID=0.0.3829906


Process finished with exit code 0
