Generating 5 accounts...
ACCOUNT1_KEY=302e020100300506032b65700422042016b452bb72512a20f92139335eace022e1b27dbe28c1ba249433f36330a44c96
ACCOUNT1_PUBLIC_KEY=302a300506032b6570032100bec316849f0007ac2834d4beb0ab12ac93e8e14ca6b7d5d026f8291af14534a8
ACCOUNT1_ID=0.0.3831571

ACCOUNT2_KEY=302e020100300506032b657004220420e74ea1c4187bdc03358467e00f85d66e4b969f162590c8c6c5412c55ef831312
ACCOUNT2_PUBLIC_KEY=302a300506032b6570032100528459acc25b847a2e5f88f46eac1176c5a2f3a76832a6b7b04a2d4aab70c763
ACCOUNT2_ID=0.0.3831572

ACCOUNT3_KEY=302e020100300506032b657004220420c2355b65d534c9f7c180f99d6d595f8de957ea0d1ebab5b1d973630dc36d3544
ACCOUNT3_PUBLIC_KEY=302a300506032b657003210087a3fadf6359b98cba7ffa42c0aed37022ae6669e76ecd296c1be00e3c6b2a89
ACCOUNT3_ID=0.0.3831573

ACCOUNT4_KEY=302e020100300506032b6570042204203bd09f41f9b983f0fb3e63bd5c8f4ce8baf35c4be0d531bce855bd0470f64385
ACCOUNT4_PUBLIC_KEY=302a300506032b657003210082b7f96a3f6fa16b4f03005b7ae4fd09ce7745295aebc35834362448f3e1f3f8
ACCOUNT4_ID=0.0.3831574

ACCOUNT5_KEY=302e020100300506032b657004220420b85e433f896b85e0ea289d1c32c54b05fb96380785f2da123b484762961f349d
ACCOUNT5_PUBLIC_KEY=302a300506032b657003210079c17ed0da4d9df0502217d9ce49d52427a413df337082840ab91468ff1d49fa
ACCOUNT5_ID=0.0.3831575


Process finished with exit code 0
